price	bedrooms	bathrooms	sqft_living	sqft_lot	floors	waterfront	view	condition	grade	sqft_above	sqft_basement	yr_built	yr_renovated	zipcode	lat	long	sqft_living15	sqft_lot15
323000	3	2.5	1890	6560	2	0	0	3	7	1890	0	2003	0	98038	47.3684	-122.031	2390	7570
360000	4	2.5	2380	5000	2	0	0	3	8	2380	0	2005	0	98038	47.3608	-122.036	2420	5000
390000	3	2.5	2350	5100	2	0	0	3	8	2350	0	2003	0	98038	47.3512	-122.008	2350	5363
360000	4	2.5	1900	5889	2	0	0	3	7	1900	0	1992	0	98038	47.349	-122.031	1870	6405
314000	3	1.75	1810	41800	1	0	0	5	7	1210	600	1980	0	98038	47.4109	-121.958	1650	135036
272500	3	1.75	1540	12600	1	0	0	4	7	1160	380	1980	0	98038	47.3624	-122.031	1540	11656
163500	2	1.5	1050	3419	2	0	0	3	7	1050	0	1996	0	98038	47.3848	-122.039	1050	3417
385000	3	1.75	1350	155073	1	0	0	4	7	1350	0	1969	0	98038	47.4058	-121.994	1560	50965
320000	4	2.25	1550	7579	2	0	0	3	8	1550	0	1993	0	98038	47.354	-122.047	1630	6397
328000	3	2.25	2020	8379	2	0	0	3	7	2020	0	1994	0	98038	47.3828	-122.023	2020	8031
455000	4	2.5	2210	49375	1	0	0	3	8	2210	0	1997	0	98038	47.3828	-122.071	2670	49385
208633	3	2.5	2040	3810	2	0	0	3	8	2040	0	2006	0	98038	47.3537	-122	2370	4590
260000	4	2.5	1960	5238	2	0	0	3	7	1960	0	2003	0	98038	47.3483	-122.052	1800	5894
300000	4	2.5	1910	4862	2	0	0	3	7	1910	0	2005	0	98038	47.3607	-122.034	2010	5091
329500	4	2.5	1820	7912	2	0	0	3	7	1820	0	1994	0	98038	47.3845	-122.029	1820	8168
275000	3	3	1590	7750	1	0	0	3	7	1060	530	1997	0	98038	47.3624	-122.045	1680	7500
322500	4	2.5	1820	6753	2	0	0	3	7	1820	0	1994	0	98038	47.3845	-122.032	1820	7107
840000	4	3.5	2840	40139	1	0	4	4	10	2840	0	1986	0	98038	47.401	-122.026	3180	36852
245000	3	2.5	1530	8500	1	0	0	5	7	1030	500	1996	0	98038	47.3592	-122.046	1850	8140
350000	3	1.5	1250	219978	1	0	0	4	6	1250	0	1980	0	98038	47.4056	-121.955	1930	210394
232000	3	1	1400	10403	1	0	0	4	6	1400	0	1976	0	98038	47.362	-122.029	1230	10209
342500	3	2.5	1810	5192	2	0	0	3	8	1810	0	1993	0	98038	47.3724	-122.042	1810	6200
270500	3	2.5	1780	7848	1	0	0	3	7	1320	460	1978	0	98038	47.3608	-122.056	1680	7848
338900	4	2.5	1830	5612	2	0	0	3	7	1830	0	2003	0	98038	47.3572	-122.015	1830	5998
300000	2	1	1220	75794	1	0	0	4	7	1220	0	1963	0	98038	47.4219	-122.007	2010	98010
370000	3	2.25	2110	13300	2	0	0	4	8	2110	0	1985	0	98038	47.3725	-122.06	2470	14000
296000	4	2.5	1780	3600	2	0	0	3	7	1780	0	2006	0	98038	47.3665	-122.017	2020	3802
240000	3	1.75	1760	6500	1	0	0	3	7	1150	610	1987	0	98038	47.3647	-122.05	1760	8125
609900	4	2.5	3190	7399	2	0	0	3	10	3190	0	2006	0	98038	47.3558	-122.004	3250	7323
289950	3	2.5	1670	6186	2	0	0	3	7	1670	0	2002	0	98038	47.3668	-122.031	2390	6924
374950	4	2.75	2730	4683	2	0	0	3	7	2730	0	2005	0	98038	47.3608	-122.043	2230	4924
287653	3	1	1050	16050	1	0	0	4	7	1050	0	1960	1981	98038	47.3841	-122.006	1610	27600
265000	3	2.5	1720	6271	2	0	0	3	7	1720	0	1993	0	98038	47.3898	-122.049	1570	6587
275000	3	2.25	1420	8549	2	0	0	4	7	1420	0	1989	0	98038	47.3576	-122.039	1560	7471
314950	3	2.25	1654	8479	2	0	0	3	7	1654	0	1995	0	98038	47.3627	-122.037	1654	8479
378000	4	2.5	2790	4650	2	0	0	3	8	2790	0	2004	0	98038	47.3556	-122.026	2820	4650
291000	4	2.5	1860	6325	2	0	0	4	7	1860	0	1991	0	98038	47.3492	-122.03	1860	6449
189950	2	1	1030	4188	1	0	0	3	8	1030	0	1981	0	98038	47.3738	-122.057	1450	3376
287000	3	2.25	1370	6000	2	0	0	4	7	1370	0	1992	0	98038	47.3484	-122.033	1370	6200
380000	4	2.5	2000	6921	2	0	0	3	8	2000	0	2003	0	98038	47.3559	-122.014	2430	6339
367000	4	2.5	2960	6219	2	0	0	3	9	2960	0	2006	0	98038	47.3603	-122.037	2960	5361
219000	2	2	1310	2550	2	0	0	3	6	1310	0	2004	0	98038	47.3496	-122.022	1310	2550
245000	3	2.5	1600	4271	2	0	0	3	7	1600	0	2003	0	98038	47.386	-122.036	1520	3225
457000	4	3	2800	7845	2	0	0	3	8	2800	0	2002	0	98038	47.3544	-122.013	2800	6977
620000	4	2.5	1840	220308	2	0	0	3	8	1840	0	2000	0	98038	47.4306	-122.049	1890	65340
260000	2	1	1550	15250	1.5	0	0	5	7	1550	0	1920	0	98038	47.407	-122.045	1520	34929
545000	4	2.75	3410	35040	2	0	0	3	9	3410	0	1984	0	98038	47.4054	-122.03	2580	37263
307500	3	2.25	1646	7364	2	0	0	3	7	1646	0	1994	0	98038	47.3646	-122.037	1975	9161
294000	3	1.75	1530	9362	1	0	0	3	7	1530	0	1987	0	98038	47.3643	-122.049	1480	8125
270000	3	2.25	1520	7930	1	0	0	3	7	1160	360	1988	0	98038	47.3605	-122.049	1530	7930
338000	3	2.5	2470	4948	2	0	0	3	8	2470	0	2003	0	98038	47.3438	-122.039	2500	4993
368000	4	2	2500	36900	1	0	0	3	7	1540	960	1972	0	98038	47.3708	-122.049	1960	36900
435000	3	2	2660	16677	1	0	0	3	9	2210	450	1990	0	98038	47.3689	-122.055	2660	11355
260000	3	1.75	1340	8000	1	0	0	3	7	1340	0	1980	0	98038	47.3651	-122.044	1690	8000
339000	4	2.5	1830	8601	2	0	0	3	7	1830	0	2003	0	98038	47.3576	-122.016	1830	5184
315000	3	1.75	1890	10661	1	0	0	5	7	1460	430	1978	0	98038	47.3583	-122.056	1680	9604
429800	3	2	1970	7000	1	0	0	3	8	1970	0	1986	0	98038	47.3744	-122.043	1970	7365
352000	4	2.5	2470	5015	2	0	0	3	8	2470	0	2004	0	98038	47.3457	-122.041	2470	5100
297000	3	2.5	1690	4988	2	0	0	3	7	1690	0	2002	0	98038	47.3561	-122.015	1830	4733
272500	3	2	1540	6250	1	0	0	3	7	1540	0	1998	0	98038	47.3539	-122.025	2070	6250
225000	3	1	1200	9936	1	0	0	4	6	1200	0	1969	0	98038	47.3609	-122.029	1200	10189
295000	3	2.5	1460	7936	2	0	0	3	7	1460	0	1995	0	98038	47.3673	-122.017	1830	7936
310000	3	2.5	1990	3600	2	0	0	3	7	1990	0	2004	0	98038	47.3841	-122.041	1790	3600
353000	3	2.75	2170	8396	2	0	0	3	7	2170	0	1995	0	98038	47.3812	-122.023	2170	8378
360000	4	2.5	2850	4650	2	0	0	3	8	2850	0	2004	0	98038	47.3552	-122.026	2850	4650
230000	2	1.75	1910	3376	2	0	0	3	8	1910	0	1980	0	98038	47.3733	-122.057	1470	3623
258500	3	2	1460	7930	1	0	0	3	7	1460	0	1989	0	98038	47.359	-122.049	1630	7930
398000	4	2.5	2820	5510	2	0	0	3	9	2820	0	2005	0	98038	47.3477	-122.024	2820	5510
275000	3	2.5	1600	7000	2	0	0	4	8	1600	0	1993	0	98038	47.3534	-122.057	1700	7000
525000	4	2.5	2910	7631	2	0	2	3	9	2910	0	2006	0	98038	47.3552	-122.001	3190	5552
358000	4	2.5	1830	7308	2	0	0	3	7	1830	0	2002	0	98038	47.3565	-122.015	1830	5692
363000	3	2	1750	7000	1	0	0	3	8	1750	0	1993	0	98038	47.3693	-122.041	1840	6969
340000	4	2.25	2230	6791	2	0	0	3	8	2230	0	2005	0	98038	47.3769	-122.028	2420	6297
449950	4	3	2800	6977	2	0	0	3	8	2800	0	2003	0	98038	47.3542	-122.014	2800	6600
322500	4	2.5	1940	7107	2	0	0	3	7	1940	0	2000	0	98038	47.3843	-122.032	1850	5705
242000	3	2	1260	8092	1	0	0	3	7	1260	0	1986	0	98038	47.3635	-122.054	1950	8092
335000	3	2.5	1700	6698	2	0	0	3	7	1700	0	1997	0	98038	47.3826	-122.028	2190	7346
269000	3	2.5	1560	4200	2	0	0	3	7	1560	0	2003	0	98038	47.3838	-122.026	1560	4200
490000	4	3.5	3200	6420	2	0	0	3	9	3200	0	2006	0	98038	47.3545	-122.001	3200	6291
299900	4	2.5	1580	3632	2	0	0	3	7	1580	0	2011	0	98038	47.3672	-122.019	1950	3800
482000	4	2.5	2710	35868	2	0	0	3	9	2710	0	1989	0	98038	47.375	-122.022	2780	36224
337500	5	2.5	2070	4698	2	0	0	3	7	2070	0	1999	0	98038	47.3539	-122.024	2010	4698
500000	3	2	3040	41072	1	0	0	4	8	1520	1520	1978	0	98038	47.3944	-121.972	2230	54014
388000	4	2.5	2560	5800	2	0	0	3	9	2560	0	2005	0	98038	47.3474	-122.025	3040	5800
346950	3	2.5	2040	4348	2	0	0	4	8	2040	0	2006	0	98038	47.3517	-121.999	2380	4348
522000	4	2.5	2835	6598	2	0	0	3	8	2835	0	2002	0	98038	47.3878	-122.034	2770	6969
293000	4	2.25	2360	6260	2	0	0	3	7	2360	0	1998	0	98038	47.3882	-122.053	2144	6773
195000	2	2	1180	2553	2	0	0	3	6	1180	0	2005	0	98038	47.3501	-122.02	1310	2687
635000	3	2.25	2680	175982	1	0	0	3	9	2680	0	2004	0	98038	47.4487	-122.033	3170	215186
699000	5	2.5	3340	24755	2	0	0	3	10	3340	0	2002	0	98038	47.4565	-122.066	3420	23274
485000	3	2.5	2340	59058	1	0	0	3	8	2340	0	1985	0	98038	47.4052	-122.028	2700	37263
269000	3	2.5	1440	3800	2	0	0	3	7	1440	0	2005	0	98038	47.3606	-122.039	1890	3819
190000	3	2	1320	7625	1	0	0	3	7	1320	0	1987	0	98038	47.3635	-122.045	1420	7500
418000	4	2.5	2750	8471	2	0	0	3	7	2750	0	2003	0	98038	47.3671	-122.029	2610	7482
449500	4	2	2430	199940	1	0	0	3	8	1310	1120	1961	0	98038	47.4116	-122.029	2220	150282
297500	4	2.5	1910	5000	2	0	0	3	7	1910	0	2005	0	98038	47.3608	-122.036	2020	5000
279000	3	1.5	1280	16738	1.5	0	0	4	5	1280	0	1932	0	98038	47.3895	-122.023	1590	16317
275000	3	2	1380	4500	1	0	0	3	7	1380	0	2008	0	98038	47.3661	-122.021	1620	4000
470000	5	3.75	3860	6901	2	0	0	3	7	3860	0	2003	0	98038	47.3694	-122.032	3000	8584
1.35E+06	4	4.75	5230	89298	2.5	0	0	3	11	5230	0	2002	0	98038	47.4097	-122.063	4110	107153
222000	2	2	1360	3300	2	0	0	3	6	1360	0	2004	0	98038	47.3489	-122.022	1310	3300
549950	4	2.5	3780	6800	2	0	0	3	8	3780	0	2004	0	98038	47.3526	-122.012	3640	7326
265000	3	1.5	1530	7500	1.5	0	0	3	7	1530	0	1986	0	98038	47.3639	-122.055	2080	11250
325000	4	2.5	1930	8458	2	0	0	3	7	1930	0	1993	0	98038	47.3645	-122.039	1670	9485
422500	3	2	1960	6450	1	0	0	4	7	1000	960	1977	0	98038	47.3972	-122.029	1660	20720
279000	3	2.5	1450	4106	2	0	0	3	7	1450	0	2011	0	98038	47.3655	-122.019	2000	4000
649950	3	2.5	3310	387684	1	0	0	3	8	2160	1150	1919	1996	98038	47.4167	-121.936	2340	189050
360000	4	2.5	2640	7388	2	0	0	3	7	2640	0	2003	0	98038	47.3505	-122.027	2640	6383
550000	3	2.5	2720	62310	1	0	0	3	8	2040	680	1985	0	98038	47.4168	-122.074	2770	204296
729000	3	3.25	2250	60548	1	0	0	3	9	2250	0	2005	0	98038	47.4246	-122.014	2760	84070
399000	4	2.5	2800	4687	2	0	0	3	9	2800	0	2005	0	98038	47.3594	-122.04	2750	4750
728000	4	3.5	3490	87497	2	0	0	3	9	3490	0	2001	0	98038	47.4028	-122.002	2400	55657
274000	3	1.75	1590	7620	1	0	0	4	7	1090	500	1984	0	98038	47.3655	-122.048	1590	7620
285000	3	2	1460	6377	1	0	0	3	7	1460	0	1995	0	98038	47.3679	-122.02	1600	6250
399950	4	2.5	3200	7545	2	0	0	3	7	3200	0	2003	0	98038	47.3666	-122.03	2840	7137
412000	4	3	2430	7242	2	0	0	3	8	2430	0	2003	0	98038	47.3533	-122.015	2430	7242
393000	3	2.25	2140	10256	2	0	0	3	8	2140	0	1987	0	98038	47.3751	-122.044	2040	11717
310000	3	2.5	1670	4220	2	0	0	3	7	1670	0	2002	0	98038	47.3834	-122.028	1670	4238
224975	3	1	960	12745	1	0	0	4	6	960	0	1977	0	98038	47.3617	-122.03	1160	10488
349000	4	2.5	1830	4694	2	0	0	3	7	1830	0	2003	0	98038	47.3573	-122.016	1830	5175
233000	3	2	1350	7686	1	0	0	3	7	1350	0	1989	0	98038	47.3609	-122.053	1470	7686
240000	3	1.75	1590	7931	1	0	0	3	7	1190	400	1979	0	98038	47.3628	-122.05	1680	7931
240000	4	2.5	1980	7264	2	0	0	3	7	1980	0	1996	0	98038	47.3678	-122.019	1600	6380
369000	4	2.75	2420	6495	2	0	0	3	8	2420	0	2005	0	98038	47.3771	-122.029	2420	6200
317000	3	2.5	1840	5011	2	0	0	3	8	1840	0	2012	0	98038	47.3555	-122.054	2000	4793
269950	3	2.25	1510	6000	1	0	0	4	7	1150	360	1993	0	98038	47.3484	-122.036	1510	6000
320000	3	2.5	2130	6969	2	0	0	3	7	2130	0	2003	0	98038	47.3655	-122.027	1670	9545
489000	4	2.5	3910	8442	2	0	0	3	9	2710	1200	2000	0	98038	47.3766	-122.027	2650	7576
350000	4	2.5	2140	7095	2	0	0	3	8	2140	0	1992	0	98038	47.3528	-122.057	1600	7182
303500	4	2.5	1920	7345	2	0	0	3	8	1920	0	1992	0	98038	47.3526	-122.055	1860	7364
364250	3	2.5	2280	213879	2	0	0	3	8	2280	0	1994	0	98038	47.4213	-122.033	2380	178160
263000	3	1.75	1580	9187	1	0	0	3	8	1180	400	1993	0	98038	47.3538	-122.047	1620	6397
419000	4	2.5	3010	9155	2	0	0	3	9	3010	0	2005	0	98038	47.3542	-122.027	3010	5762
411000	2	2.25	1910	108900	1	0	0	4	7	1010	900	1972	0	98038	47.4206	-122.023	2050	108900
325000	3	2.5	1580	4698	2	0	0	3	7	1580	0	1998	0	98038	47.3539	-122.025	2070	4698
365000	5	2.5	2260	7040	2	0	0	3	8	2260	0	1999	0	98038	47.352	-122.038	2180	6910
289000	3	2.5	1490	8628	2	0	0	3	7	1490	0	1994	0	98038	47.3643	-122.041	1640	8514
428400	4	2.5	2650	6000	2	0	0	3	9	2650	0	2000	0	98038	47.3768	-122.028	2630	6381
263000	3	1.75	1410	8100	2	0	0	3	7	1410	0	1985	0	98038	47.3617	-122.046	1560	8100
265000	3	2.5	1530	6000	2	0	0	4	7	1530	0	1991	0	98038	47.3487	-122.036	1360	6000
397500	4	2.5	2570	7859	2	0	0	3	8	2570	0	1992	0	98038	47.3736	-122.045	2150	7284
653000	3	2	2680	8429	1	0	0	4	9	1880	800	1950	1991	98038	47.372	-122.036	1570	8640
455000	4	2.5	2811	7251	2	0	0	3	9	2811	0	2009	0	98038	47.3686	-122.058	3040	7250
410000	3	2.25	2200	16921	2	0	0	3	8	2200	0	1987	0	98038	47.3727	-122.051	2060	16921
315000	4	2.5	1780	6000	2	0	0	3	9	1780	0	2000	0	98038	47.3774	-122.027	2650	6000
215000	4	2.5	1700	6675	2	0	0	3	7	1700	0	1997	0	98038	47.3638	-122.053	1570	7540
315000	4	2.5	1700	6675	2	0	0	3	7	1700	0	1997	0	98038	47.3638	-122.053	1570	7540
241000	2	2	1470	3128	2	0	0	3	6	1470	0	2005	0	98038	47.349	-122.021	1180	2576
352500	4	2.5	2300	219106	1	0	0	4	7	1840	460	1958	0	98038	47.4044	-121.963	2120	123710
252000	3	2.5	1680	8284	2	0	0	3	7	1680	0	1989	0	98038	47.3609	-122.048	1550	8284
329950	4	2.5	1920	4600	2	0	0	3	7	1920	0	2002	0	98038	47.3795	-122.023	2200	6600
438900	4	2.5	2740	5700	2	0	0	3	9	2740	0	2006	0	98038	47.3535	-122.026	3010	5281
533000	4	2.5	2830	6536	2	0	0	3	8	2830	0	2003	0	98038	47.3888	-122.032	2830	6872
713900	3	2.5	3370	167706	1	0	0	3	10	3370	0	2000	0	98038	47.4379	-122.022	3350	213444
215000	3	2	1280	6994	1	0	0	3	7	1280	0	1991	0	98038	47.3889	-122.048	1290	7514
449000	4	2.5	2960	6031	2	0	0	3	9	2960	0	2005	0	98038	47.3596	-122.04	2570	5012
408000	3	2.5	2620	8403	2	0	0	3	8	2620	0	1991	0	98038	47.3675	-122.042	2190	7842
353500	3	2.5	2020	4845	2	0	0	3	7	2020	0	2001	0	98038	47.3848	-122.033	1930	5134
320000	4	2.5	2570	4865	2	0	0	3	8	2570	0	2005	0	98038	47.3588	-122.038	2570	4933
890000	4	3.25	4360	210254	1	0	0	3	10	2320	2040	2000	0	98038	47.4375	-122.008	2410	87120
426500	4	2.5	2960	4640	2	0	0	3	9	2960	0	2005	0	98038	47.3597	-122.04	2750	4623
480000	4	2.5	3620	16000	2	0	0	3	9	3620	0	1976	0	98038	47.3711	-122.06	2590	16000
211000	3	2	1060	7412	1	0	0	3	7	1060	0	1987	0	98038	47.3897	-122.051	1080	7093
585000	4	3	3400	5100	2	0	0	3	9	3400	0	2006	0	98038	47.3548	-122.002	3400	5672
284000	3	2.25	1580	7034	1	0	0	4	7	1180	400	1989	0	98038	47.3564	-122.04	1470	7358
245000	3	2.25	1700	8100	1	0	0	3	7	1200	500	1980	0	98038	47.3601	-122.046	1700	8100
274950	3	2.25	1570	8767	1	0	0	3	7	1180	390	1990	0	98038	47.3568	-122.038	1570	7434
557500	3	2	2510	35255	1	0	2	3	9	2510	0	1994	0	98038	47.4012	-122.025	3140	36450
760000	4	2.5	3580	97574	2	0	0	3	9	3580	0	2004	0	98038	47.3901	-122.071	2510	27068
318400	4	2.5	1820	6916	2	0	0	3	7	1820	0	1994	0	98038	47.3862	-122.029	1680	6995
280000	3	2	1280	7633	1	0	0	3	7	1280	0	1991	0	98038	47.3883	-122.05	1450	6783
366000	3	2.5	2370	4375	2	0	0	3	8	2370	0	2006	0	98038	47.354	-121.999	2380	4606
340000	4	2.5	2090	4200	2	0	0	3	7	2090	0	2007	0	98038	47.3659	-122.017	2090	4200
350000	3	2.75	2370	4632	2	0	0	3	7	2370	0	2002	0	98038	47.3794	-122.022	2290	5012
350000	3	2.25	1860	8378	2	0	0	3	7	1860	0	1995	0	98038	47.3875	-122.032	1870	8378
286000	4	2.5	1820	7930	2	0	0	5	7	1820	0	1989	0	98038	47.359	-122.05	1490	7930
269950	3	1.75	1400	7735	1	0	0	4	7	1400	0	1989	0	98038	47.357	-122.04	1530	7754
394000	5	3.25	3620	4650	2	0	0	3	8	2790	830	2004	0	98038	47.3552	-122.026	2850	4650
292000	3	2.5	1950	7421	2	0	0	3	8	1950	0	1996	0	98038	47.3842	-122.036	2200	4668
275000	3	2.5	1560	4244	2	0	0	3	7	1560	0	2002	0	98038	47.3834	-122.027	1670	4251
332500	4	2.5	2220	4720	2	0	0	3	7	2220	0	1998	0	98038	47.3541	-122.024	2090	4717
294000	4	2.25	2190	3746	2	0	0	3	8	2190	0	2005	0	98038	47.3896	-122.034	2200	3591
312000	4	2.5	1830	5175	2	0	0	3	7	1830	0	2003	0	98038	47.3565	-122.016	1830	5175
305000	3	2.25	1646	12414	2	0	0	3	7	1646	0	1996	0	98038	47.363	-122.035	1654	8734
275000	3	2.25	1620	6415	2	0	0	4	7	1620	0	1989	0	98038	47.3577	-122.038	1640	7253
359500	3	2.5	2070	4689	2	0	0	3	8	2070	0	2013	0	98038	47.3545	-122.056	1880	4593
390000	3	2.5	2770	8820	1	0	0	3	7	1900	870	1980	2004	98038	47.3685	-122.048	1850	10920
318200	3	2.5	1990	3644	2	0	0	3	7	1990	0	2010	0	98038	47.3531	-122.017	2580	3800
419900	4	2.5	2750	5767	2	0	0	3	9	2750	0	2005	0	98038	47.3595	-122.038	2800	5376
250000	4	2.5	1800	8100	2	0	0	3	7	1800	0	1998	0	98038	47.3611	-122.047	1590	8100
180000	3	1	840	5700	1	0	0	4	5	840	0	1945	0	98038	47.3948	-122.028	1430	12600
355000	4	2.5	1890	7867	2	0	0	3	8	1890	0	1996	0	98038	47.3788	-122.031	2250	7867
456500	4	2.5	2580	11780	2	0	0	3	9	2580	0	2003	0	98038	47.3658	-122.04	2410	8403
444000	4	3	2800	7198	2	0	0	3	8	2800	0	2002	0	98038	47.3538	-122.013	3610	7845
428900	4	2.5	2820	5056	2	0	0	3	9	2820	0	2006	0	98038	47.3591	-122.038	2820	5150
269500	3	2	1640	8395	1	0	0	4	7	1640	0	1991	0	98038	47.348	-122.035	1510	7180
269000	3	1.75	1530	7930	1	0	0	5	7	1530	0	1986	0	98038	47.3609	-122.05	1610	7930
415000	3	2.5	2420	10733	2	0	0	3	8	2420	0	1996	0	98038	47.3835	-122.035	1950	8534
260656	3	1	1620	13803	1	0	0	4	6	1620	0	1969	0	98038	47.3631	-122.028	1260	10370
350000	4	2.5	2440	4000	2	0	0	3	7	2440	0	2009	0	98038	47.3841	-122.036	2410	4502
565000	5	2.5	4320	107157	1	0	0	4	8	2160	2160	1967	0	98038	47.4009	-122.059	2480	107157
239000	3	1	1200	7810	1	0	0	4	7	1200	0	1967	0	98038	47.3631	-122.05	1590	7800
292500	3	2.25	1390	6004	2	0	0	3	8	1390	0	1993	0	98038	47.3536	-122.047	1630	6397
305000	3	2.25	1646	9519	2	0	0	3	7	1646	0	1994	0	98038	47.3646	-122.036	1975	8889
520000	3	1.75	1940	219527	1	0	0	3	7	1940	0	1991	0	98038	47.4214	-122.02	2060	108900
679000	4	2.5	3680	7236	2	0	0	3	10	3680	0	2006	0	98038	47.3543	-122.005	3310	7180
296000	3	2.5	1560	5845	2	0	0	3	7	1560	0	2003	0	98038	47.3851	-122.029	1860	5752
206000	3	1	1060	10350	1	0	0	4	7	1060	0	1980	0	98038	47.365	-122.028	1500	9660
295000	3	2.5	1690	4102	2	0	0	3	7	1690	0	2003	0	98038	47.3552	-122.015	1830	4733
394000	3	2.5	2550	5349	2	0	0	3	7	2550	0	2004	0	98038	47.3504	-122.026	2640	5400
775000	5	2.75	3750	12077	2	0	4	3	10	3750	0	2005	0	98038	47.3525	-122.002	3120	7255
321000	3	2.5	2020	4183	2	0	0	3	7	2020	0	2012	0	98038	47.3658	-122.017	2030	4140
616000	4	2.5	3440	6915	2	0	0	3	10	3440	0	2006	0	98038	47.3538	-122.004	3200	6915
251000	3	2	1650	7930	1	0	0	4	7	1650	0	1989	0	98038	47.3617	-122.05	1510	7930
293000	3	2.5	1690	17383	2	0	0	3	7	1690	0	2003	0	98038	47.3691	-122.031	2610	7999
425000	4	2.5	2400	6053	2	0	0	3	8	2400	0	2001	0	98038	47.3869	-122.033	2460	6519
218000	2	2	1310	2841	2	0	0	3	6	1310	0	2004	0	98038	47.3502	-122.022	1360	2550
435000	3	2	2570	233481	1.5	0	0	4	8	2570	0	1986	0	98038	47.4199	-122.034	2280	157687
118000	1	1	670	7957	1	0	0	4	6	670	0	1978	0	98038	47.3594	-122.056	1600	7957
380000	4	3	2800	9764	2	0	0	3	8	2800	0	2002	0	98038	47.3543	-122.012	3610	8194
250000	3	2	1900	6660	1	0	0	5	7	950	950	1966	0	98038	47.3594	-122.054	1690	8111
453000	2	1.5	1680	17400	1.5	0	0	3	7	1680	0	1991	0	98038	47.3836	-122.006	1610	27600
364950	3	2.25	2520	6170	2	0	0	3	7	1850	670	2003	0	98038	47.3522	-122.042	2260	6967
335000	2	2	1420	5185	1	0	0	3	7	1420	0	2004	0	98038	47.3543	-122.022	2140	4890
314950	3	2.5	1690	4533	2	0	0	3	7	1690	0	2003	0	98038	47.3575	-122.016	1830	5175
300000	3	2.25	1760	5421	2	0	0	3	7	1760	0	1991	0	98038	47.3484	-122.037	1570	6000
212000	3	1.5	1690	9600	1	0	0	3	7	1210	480	1976	0	98038	47.3857	-122.079	1450	9647
366000	4	2.75	2170	9743	2	0	0	3	7	2170	0	1995	0	98038	47.3814	-122.024	1670	7734
240000	0	2.5	1810	5669	2	0	0	3	7	1810	0	2003	0	98038	47.3493	-122.053	1810	5685
849000	4	2.75	4010	87555	2	0	0	3	10	4010	0	2004	0	98038	47.4299	-121.998	2451	209523
290000	3	1.75	1520	15090	1	0	0	4	7	1520	0	1968	0	98038	47.398	-121.964	1580	18618
540500	3	2	2800	185130	1	0	0	3	8	2320	480	1996	0	98038	47.4133	-122.006	2200	72055
329950	4	2.5	2120	4558	2	0	0	3	7	2120	0	2002	0	98038	47.3795	-122.022	2370	5506
404000	3	2.5	2370	4324	2	0	0	3	8	2370	0	2006	0	98038	47.3515	-121.999	2370	4348
410000	4	2.5	2560	4020	2	0	0	3	9	2560	0	2006	0	98038	47.3533	-122.027	3010	4916
380000	4	2.5	2300	7707	2	0	0	3	8	2300	0	2004	0	98038	47.3497	-122.044	2320	6035
470000	5	3.25	3910	7077	2	0	0	3	9	2710	1200	2000	0	98038	47.3766	-122.027	2650	7077
280000	3	2.25	1860	9210	2	0	0	3	7	1860	0	1994	0	98038	47.3864	-122.03	1530	8091
199950	3	3	1530	2132	2	0	0	3	8	1530	0	1993	0	98038	47.3746	-122.056	1530	3384
315000	3	2.5	1790	6452	2	0	0	3	7	1790	0	2004	0	98038	47.3841	-122.042	1610	3600
399900	4	2.5	2710	8127	2	0	0	3	8	2710	0	1994	0	98038	47.379	-122.032	2520	8436
426000	4	2.5	2800	8494	2	0	0	3	8	2800	0	2004	0	98038	47.3521	-122.009	3740	8494
259875	5	2.5	2200	6250	2	0	0	3	7	2200	0	1996	0	98038	47.3675	-122.021	1850	6091
382500	4	2.5	2980	8786	2	0	0	3	8	2980	0	2003	0	98038	47.378	-122.03	2980	6718
427500	3	1.5	1900	43186	1.5	0	0	4	7	1300	600	1971	0	98038	47.4199	-121.99	2080	108028
415000	4	2.5	2210	213008	1	0	0	4	7	1210	1000	1975	0	98038	47.4039	-121.98	2270	52707
353000	4	2.5	2300	4249	2	0	0	3	8	2300	0	2006	0	98038	47.3516	-122	2390	4385
569999	3	2.5	3080	13880	2	0	0	3	9	3080	0	1990	0	98038	47.3726	-122.025	2780	15318
240000	3	2	1100	6360	1	0	0	3	7	1100	0	1991	0	98038	47.3878	-122.052	1620	6360
272000	4	2.25	1800	5555	2	0	0	3	7	1800	0	2003	0	98038	47.3498	-122.052	1810	5669
462000	4	2.5	2640	47480	1	0	0	4	8	1590	1050	1979	0	98038	47.4258	-122.021	2390	67415
265000	3	2.5	1640	7668	2	0	0	3	7	1640	0	1991	0	98038	47.3505	-122.027	1850	7200
270000	3	2.5	1690	7165	2	0	0	4	7	1690	0	1992	0	98038	47.3498	-122.058	1410	8590
660000	4	2.5	3170	186436	2	0	0	3	9	3170	0	2000	0	98038	47.4475	-122.034	3250	215186
309000	3	2.5	1780	7859	2	0	0	3	7	1780	0	1988	0	98038	47.3772	-122.045	1670	6618
305000	3	2.5	1690	5175	2	0	0	3	7	1690	0	2002	0	98038	47.3564	-122.016	1830	5175
549900	5	3	3610	7555	2	0	0	3	8	3610	0	2003	0	98038	47.3534	-122.012	3610	7979
375000	3	2.5	2750	37096	2	0	0	3	9	2750	0	1989	0	98038	47.3732	-122.023	2700	40091
352000	4	2.5	2470	6116	1	0	0	3	7	1420	1050	1985	0	98038	47.3792	-122.047	1670	7627
291500	4	2.5	1770	5000	2	0	0	3	7	1770	0	2004	0	98038	47.3503	-122.005	2080	5100
665000	3	3.5	3580	95832	1.5	0	0	3	9	3580	0	2005	0	98038	47.4239	-122.015	2880	60548
347500	4	2.5	1970	7098	2	0	0	3	7	1970	0	2007	0	98038	47.3576	-122.058	1970	5361
725000	3	2.5	3580	54450	1.5	0	0	3	9	3580	0	1990	0	98038	47.4026	-122.033	3090	35943
359950	3	2.5	2210	6280	2	0	0	3	8	2210	0	2003	0	98038	47.35	-122.043	2250	5972
479000	4	2.5	2590	6139	2	0	0	3	8	2590	0	2001	0	98038	47.3883	-122.035	2410	6139
354000	4	2.5	2340	5420	2	0	0	3	8	2340	0	2003	0	98038	47.3773	-122.029	2420	6252
300000	3	2.5	1750	4200	2	0	0	3	7	1750	0	2005	0	98038	47.3605	-122.04	1890	4048
315000	3	2.5	1660	10763	2	0	0	3	7	1660	0	1994	0	98038	47.3812	-122.029	2010	7983
240000	3	1.75	1380	7500	1	0	0	3	7	1380	0	1988	0	98038	47.3628	-122.045	1530	7500
357000	4	2.5	1980	9757	2	0	0	5	7	1980	0	1995	0	98038	47.3675	-122.019	1610	6147
378000	3	2.5	2150	11672	2	0	0	3	8	2150	0	2004	0	98038	47.3515	-122.006	2150	5450
176000	3	3.25	1340	5434	2	0	0	3	7	1340	0	1986	0	98038	47.3779	-122.045	1670	6203
290000	3	2.5	2000	7414	2	0	0	4	7	2000	0	1993	0	98038	47.3508	-122.057	2000	7414
234000	3	1	1240	239144	1	0	0	3	6	1240	0	1921	1992	98038	47.4303	-122.046	1990	109335
308950	3	2.5	1600	6250	2	0	0	3	7	1600	0	1995	0	98038	47.3675	-122.02	1760	6110
485000	3	2.25	2900	35273	2	0	0	3	9	2900	0	1986	0	98038	47.4013	-122.03	2510	38487
205000	3	2.5	1870	3118	2	0	0	3	8	1870	0	1993	0	98038	47.3739	-122.056	1580	3601
369950	4	2.5	1910	10221	2	0	0	3	8	1910	0	1994	0	98038	47.381	-122.035	2210	8705
252000	3	2	1370	7500	1	0	0	3	7	1370	0	1997	0	98038	47.3634	-122.046	1420	7500
430000	3	2.5	2670	12806	2	0	0	3	9	2670	0	2010	0	98038	47.3686	-122.059	3010	7231
555000	5	3	3640	6930	2	0	0	3	8	3640	0	2004	0	98038	47.3521	-122.012	3740	7182
285000	3	2.5	1890	3629	2	0	0	3	7	1890	0	2005	0	98038	47.3613	-122.041	1980	4000
260000	3	2.5	1510	6095	2	0	0	4	7	1510	0	1991	0	98038	47.3498	-122.037	1520	6000
335620	3	2.25	1800	15903	1	0	0	3	8	1340	460	1986	0	98038	47.3813	-122.043	2000	15233
302000	5	2.25	2180	7813	2	0	0	3	7	2180	0	1986	0	98038	47.3651	-122.051	1880	8649
309950	4	2.75	2310	5000	2	0	0	3	7	2310	0	2006	0	98038	47.3614	-122.035	1980	5000
350000	4	2.5	2500	5831	2	0	0	3	8	2500	0	2007	0	98038	47.3454	-122.039	2500	5188
379900	3	2.5	2190	5071	2	0	0	3	8	2190	0	2004	0	98038	47.3506	-122.04	2300	5654
257700	4	2.25	1600	6202	2	0	0	4	7	1600	0	1986	0	98038	47.3784	-122.046	1530	6298
280500	3	2.25	1620	7566	2	0	0	3	7	1620	0	1990	0	98038	47.3566	-122.039	1470	7566
371000	4	2.5	2550	4770	2	0	0	3	8	2550	0	2005	0	98038	47.3526	-122	2380	4590
200000	2	1.75	910	2693	1	0	0	3	6	910	0	2003	0	98038	47.3493	-122.025	1360	2693
400000	2	1.75	1800	224769	1	0	0	3	7	1420	380	1950	2008	98038	47.4327	-122.06	1620	112384
299000	3	2.5	1650	4725	2	0	0	3	8	1650	0	2011	0	98038	47.3548	-122.055	2000	4725
275000	3	1.75	1180	6260	1	0	0	4	8	1180	0	1993	0	98038	47.3531	-122.048	1580	7272
390000	3	2.5	2250	8076	2	0	0	3	8	2250	0	1995	0	98038	47.3667	-122.041	2180	7244
525000	3	2.5	2340	35021	1	0	0	3	9	2340	0	1986	0	98038	47.3988	-122.028	2630	35190
400000	4	2.5	3130	5240	2	0	0	3	8	3130	0	2004	0	98038	47.3446	-122.042	2470	5240
1.13E+06	4	3.25	3890	422096	1.5	0	0	3	9	3150	740	2001	0	98038	47.4125	-121.982	2180	229996
339500	4	2.5	1930	7862	2	0	0	3	7	1930	0	1994	0	98038	47.3644	-122.04	1640	9145
305000	4	2.5	1620	4000	2	0	0	3	7	1620	0	2008	0	98038	47.3661	-122.02	1580	3780
446000	4	2	2280	43692	1	0	0	3	7	1140	1140	1957	1984	98038	47.4067	-122.03	2580	37938
215000	3	1	1160	10384	1	0	0	4	6	1160	0	1969	0	98038	47.3634	-122.027	1200	9880
234000	2	2	1200	3624	2	0	0	3	6	1200	0	2003	0	98038	47.349	-122.025	1360	2693
290000	3	2	1700	6498	1	0	0	3	7	1700	0	1986	0	98038	47.3781	-122.044	1700	6654
230000	3	2	1310	7332	1	0	0	3	7	1310	0	1987	0	98038	47.3597	-122.051	1530	7362
427000	3	2.5	2620	108464	2	0	0	4	8	2620	0	1990	0	98038	47.4583	-122.036	3190	105850
425000	4	3	2430	5502	2	0	0	3	8	2430	0	2002	0	98038	47.356	-122.014	2000	5702
295000	3	2.5	1560	4200	2	0	0	3	7	1560	0	2003	0	98038	47.3838	-122.026	1560	4200
710000	4	2.5	4070	129808	2	0	0	3	10	4070	0	1998	0	98038	47.4433	-122.016	4070	102366
314950	2	2.5	1860	6359	2	0	0	3	7	1860	0	2003	0	98038	47.3847	-122.029	1860	6359
515000	4	3.5	3400	5222	2	0	0	3	9	3400	0	2005	0	98038	47.3559	-122	3190	5326
530000	4	2.5	2690	46609	2	0	0	3	8	2690	0	1980	1991	98038	47.3843	-122.006	1500	34800
245000	3	1.75	1260	6908	1	0	0	3	7	1260	0	1994	0	98038	47.385	-122.031	1810	7159
495000	4	2.5	4060	8547	2	0	0	3	9	2790	1270	2007	0	98038	47.3694	-122.056	2810	8313
290000	3	1.75	1590	13500	1	0	0	4	7	1090	500	1980	0	98038	47.3621	-122.031	1540	10375
199000	3	2.5	1750	6725	1	0	0	3	7	1330	420	1993	0	98038	47.352	-122.058	1670	7744
357500	3	3.5	2080	5100	2	0	0	3	8	2080	0	2004	0	98038	47.35	-122.005	2080	5100
290000	3	2	1310	6265	1	0	0	3	7	1310	0	1988	0	98038	47.3893	-122.051	1100	6360
422000	4	2.5	3200	6691	2	0	0	3	7	3200	0	2002	0	98038	47.367	-122.031	2610	6510
359900	4	2.5	2600	5188	2	0	0	3	8	2600	0	2005	0	98038	47.3451	-122.04	2610	5188
311000	4	2.5	1975	8734	2	0	0	3	7	1975	0	1996	0	98038	47.363	-122.034	1975	8538
254000	3	2	1470	7694	1	0	0	4	7	1470	0	1992	0	98038	47.3539	-122.054	1580	7480
210000	3	1.5	1920	61014	1	0	0	3	6	1920	0	1953	0	98038	47.4446	-122.074	1616	61014
589450	4	2.5	3190	7941	2	0	0	3	10	3190	0	2005	0	98038	47.353	-122.002	3190	7255
319950	3	2.5	1700	7000	2	0	0	3	7	1700	0	1996	0	98038	47.3798	-122.025	1950	7000
299950	3	2.5	1780	4650	2	0	0	3	7	1780	0	2011	0	98038	47.386	-122.047	3050	3848
250000	3	2	1440	5457	2	0	0	3	7	1440	0	1986	0	98038	47.3784	-122.046	1480	6286
265000	3	1.75	1450	5858	1	0	0	4	7	1450	0	1991	0	98038	47.3482	-122.037	1520	6573
335000	4	2.5	1980	4745	2	0	0	3	7	1980	0	2004	0	98038	47.3495	-122.04	1980	4878
249900	3	2	1220	6404	1	0	0	3	7	1220	0	1994	0	98038	47.3523	-122.059	1570	7000
332500	3	2.25	1800	10500	2	0	0	3	7	1800	0	1995	0	98038	47.3879	-122.032	1870	8555
380000	4	2.5	2320	10079	2	0	0	3	7	2320	0	1994	0	98038	47.3828	-122.026	2010	7438
215000	2	2	1180	2521	2	0	0	3	6	1180	0	2005	0	98038	47.3487	-122.021	1310	3003
674950	3	2.75	3510	92347	2	0	0	3	10	3510	0	1990	0	98038	47.3735	-122.018	2970	37070
260250	3	1.75	1490	8357	1	0	0	4	7	1490	0	1993	0	98038	47.3473	-122.037	1490	7376
350500	2	2.5	1770	4950	1	0	0	3	7	1770	0	2003	0	98038	47.3497	-122.025	1770	4500
315000	3	2.5	2240	6097	2	0	0	3	8	2240	0	2002	0	98038	47.3503	-122.042	2240	5574
375000	4	2.5	2800	5000	2	0	0	3	9	2800	0	2006	0	98038	47.3596	-122.036	2960	5092
156601	2	1.75	1210	9750	1	0	0	3	7	1210	0	1984	0	98038	47.3438	-122.037	1650	9750
374950	4	2.5	2790	4650	2	0	0	3	8	2790	0	2004	0	98038	47.3557	-122.026	2850	4650
259500	3	2.25	1490	7589	2	0	0	3	7	1490	0	1993	0	98038	47.3474	-122.037	1510	6603
353000	4	2.5	1830	5331	2	0	0	3	7	1830	0	2002	0	98038	47.3557	-122.016	1830	5175
324950	4	2.5	1770	5000	2	0	0	3	7	1770	0	2004	0	98038	47.3506	-122.006	2080	5100
336500	4	2.5	2500	5264	2	0	0	3	7	2500	0	2003	0	98038	47.3853	-122.028	1960	5250
207000	3	1.75	1180	21275	1	0	0	4	6	1180	0	1958	0	98038	47.4018	-122.037	1490	35100
258000	3	1.75	1620	7540	1	0	0	3	7	1310	310	1988	0	98038	47.3635	-122.052	1580	7540
236000	4	2.75	2000	5827	2	0	0	3	7	2000	0	1997	0	98038	47.3629	-122.026	1710	6929
539500	3	2.5	3080	12476	2	0	0	3	10	3080	0	1990	0	98038	47.3752	-122.029	3130	13631
356000	4	2.5	2470	5074	2	0	0	3	8	2470	0	2004	0	98038	47.3457	-122.041	2470	5078
348450	4	2.5	1950	8628	2	0	0	3	8	1950	0	1994	0	98038	47.3817	-122.035	2210	9019
282000	3	2.5	1610	6000	2	0	0	4	7	1610	0	1993	0	98038	47.349	-122.036	1570	6000
313999	4	2.25	1870	4198	2	0	0	3	7	1870	0	2008	0	98038	47.3657	-122.021	1870	4184
209900	2	2	1180	3003	2	0	0	3	6	1180	0	2005	0	98038	47.3491	-122.02	1310	3003
361500	4	2.5	1980	7334	2	0	0	3	7	1980	0	2003	0	98038	47.3528	-122.041	1850	7134
335000	3	2.25	1870	5876	2	0	0	3	7	1870	0	1986	0	98038	47.3779	-122.045	1670	6203
252000	3	1.5	1400	6865	1	0	0	4	7	1400	0	1986	0	98038	47.3639	-122.048	1480	8125
340000	3	2.5	2170	9798	2	0	0	3	7	2170	0	1995	0	98038	47.3817	-122.023	2020	8121
323000	4	2.75	2000	9083	2	0	0	4	7	2000	0	1992	0	98038	47.3511	-122.058	1690	7735
360000	4	2.5	2000	5500	2	0	0	3	8	2000	0	2003	0	98038	47.3552	-122.014	2000	5512
287200	3	3	1850	19966	1	0	0	4	7	1090	760	1992	0	98038	47.3493	-122.034	1410	6715
535000	2	1.75	1780	224769	1	0	0	4	8	1780	0	1976	0	98038	47.4158	-122.002	2060	71560
1.18E+06	5	5	3960	94089	2	0	0	3	10	3960	0	1998	0	98038	47.38	-122.011	2240	64468
419000	4	2.5	3190	4980	2	0	0	3	9	3190	0	2005	0	98038	47.3657	-122.034	2830	6720
579000	3	2.75	2660	223027	1	0	0	3	8	1330	1330	1962	2015	98038	47.4127	-122.071	1560	222591
459950	4	2.5	2800	6567	2	0	0	3	9	2800	0	2006	0	98038	47.3555	-122.002	3400	5900
370000	4	2.75	2420	39704	1	0	0	3	9	2420	0	1985	0	98038	47.4053	-122.03	2760	36303
293500	3	2.5	1610	5024	2	0	0	3	7	1610	0	2004	0	98038	47.3833	-122.043	1790	3717
324900	4	2.5	1880	7965	2	0	0	3	7	1880	0	2000	0	98038	47.3642	-122.052	1570	7584
320000	4	2.5	2000	10051	2	0	0	3	7	2000	0	1997	0	98038	47.3625	-122.025	2000	6686
415000	4	2.75	2390	9968	1	0	0	4	9	1390	1000	1989	0	98038	47.3706	-122.056	2560	12385
394000	4	2.5	3000	9793	2	0	0	3	7	3000	0	2002	0	98038	47.3655	-122.028	1890	7557
339950	4	2.5	2150	4000	2	0	0	3	7	2150	0	2010	0	98038	47.3655	-122.018	1610	4000
353500	4	2.5	1770	9239	2	0	0	3	7	1770	0	2004	0	98038	47.3512	-122.006	2150	5450
445000	4	2.5	2990	6383	2	0	0	3	7	2990	0	2003	0	98038	47.3499	-122.027	2640	6454
339995	4	2.5	2180	5367	2	0	0	3	7	2180	0	2000	0	98038	47.3775	-122.022	2180	5130
225000	2	2.5	1360	2693	2	0	0	3	6	1360	0	2003	0	98038	47.3492	-122.025	1360	2693
300000	4	2.25	1660	3200	2	0	0	3	7	1660	0	2011	0	98038	47.3666	-122.019	1960	3558
320000	3	2.25	1650	7047	2	0	0	3	7	1650	0	1994	0	98038	47.3826	-122.027	2010	7763
380000	3	2.5	1880	6047	2	0	0	3	8	1880	0	1993	0	98038	47.3722	-122.044	2120	7188
365000	3	2.5	2190	5091	2	0	0	3	8	2190	0	2004	0	98038	47.3506	-122.039	2200	5948
574000	4	2.5	2980	10179	2	0	2	3	9	2980	0	2003	0	98038	47.3895	-122.033	2980	8828
280000	3	1.75	1590	27200	1.5	0	0	4	6	1590	0	1926	0	98038	47.4238	-122.052	1820	74052
267500	3	1	1090	22080	1	0	0	5	7	1090	0	1967	0	98038	47.3991	-121.964	1590	19457
428000	3	2.25	2600	15000	2	0	0	3	9	2600	0	1978	0	98038	47.3719	-122.056	2380	15000
397000	4	2.5	3000	8584	2	0	0	3	7	3000	0	2003	0	98038	47.369	-122.032	2610	7570
567500	3	2.5	3090	67082	2	0	0	3	9	3090	0	1990	0	98038	47.4032	-122.023	3650	62290
337000	4	2.5	2610	5240	2	0	0	3	8	2610	0	2004	0	98038	47.345	-122.042	2480	5240
245000	3	1.75	1260	8614	1	0	0	4	7	1260	0	1985	0	98038	47.3586	-122.056	1600	8614
269950	2	1.75	1320	7540	1	0	0	3	7	1320	0	1968	0	98038	47.3634	-122.052	1570	7540
410000	4	3	2430	7243	2	0	0	3	8	2430	0	2003	0	98038	47.3533	-122.016	2430	7084
290700	3	2.5	1670	6666	2	0	0	4	7	1670	0	1992	0	98038	47.3488	-122.033	1370	6170
185000	3	1.5	1090	9605	1	0	0	4	6	1090	0	1969	0	98038	47.3609	-122.028	1160	10487
290000	3	1.75	1340	63597	1	0	0	4	7	1340	0	1963	0	98038	47.4379	-122.011	1950	87120
415000	3	1.75	1340	63597	1	0	0	4	7	1340	0	1963	0	98038	47.4379	-122.011	1950	87120
242050	3	2.5	2170	9900	1	0	0	3	7	1690	480	1980	0	98038	47.3634	-122.031	1420	10614
335000	4	2.5	1830	4500	2	0	0	3	7	1830	0	2004	0	98038	47.3504	-122.005	2080	5100
295000	3	2.5	1570	6932	2	0	0	3	7	1570	0	1993	0	98038	47.3902	-122.049	1570	6271
350000	4	2.25	2220	6953	2	0	0	4	8	2220	0	1999	0	98038	47.3509	-122.041	2240	6716
355000	4	2.25	2200	3404	2	0	0	3	8	2200	0	2005	0	98038	47.3895	-122.034	2200	3449
330000	3	2.25	1860	11227	2	0	0	3	7	1860	0	1995	0	98038	47.3879	-122.031	1820	8800
373500	4	2.5	2610	4978	2	0	0	3	8	2610	0	2004	0	98038	47.3438	-122.04	2470	5024
379950	3	1.75	2040	12065	1	0	0	3	8	2040	0	1987	0	98038	47.3756	-122.044	2010	11717
700000	3	2.5	3110	123710	2	0	0	3	8	2430	680	1995	0	98038	47.3879	-122.002	2420	92782
240000	3	1.75	1260	7362	1	0	0	3	7	1260	0	1984	0	98038	47.3602	-122.052	1530	7232
429900	4	3.25	3760	4675	2	0	0	3	8	2740	1020	2007	0	98038	47.3862	-122.048	3280	4033
499000	4	2.5	3100	5700	2	0	0	3	9	3100	0	2011	0	98038	47.3696	-122.058	3060	6000
448000	5	3.5	3740	24684	2	0	0	3	9	2760	980	1998	0	98038	47.3832	-122.057	2880	26023
230000	3	2.5	1340	3011	2	0	0	3	7	1340	0	1995	0	98038	47.3839	-122.038	1060	3232
426500	4	2.75	2100	88426	1	0	0	3	6	2100	0	1990	0	98038	47.399	-122.011	2150	63162
336600	3	2.25	1654	8464	2	0	0	3	7	1654	0	1995	0	98038	47.3618	-122.033	1975	8515
325000	3	2.5	1740	5267	2	0	0	3	7	1740	0	1999	0	98038	47.3777	-122.023	2180	5000
335000	3	2.5	1740	5267	2	0	0	3	7	1740	0	1999	0	98038	47.3777	-122.023	2180	5000
649500	3	3	3730	383328	1.5	0	0	4	9	2230	1500	1990	0	98038	47.4257	-122.03	1940	217800
190000	3	2.25	1640	7730	1	0	0	4	7	1220	420	1989	0	98038	47.3576	-122.039	1560	7566
319000	3	2.5	1610	8544	2	0	0	5	7	1610	0	1994	0	98038	47.3714	-122.054	1840	8190
248000	4	2.5	1770	5855	2	0	0	3	7	1770	0	2003	0	98038	47.3483	-122.053	1790	5679
279000	3	2.5	1660	7388	2	0	0	3	7	1660	0	2003	0	98038	47.3865	-122.027	2240	6228
361500	4	2.75	2190	6740	2	0	0	3	7	2190	0	1995	0	98038	47.3804	-122.027	1950	7150
278226	4	2.5	2390	4639	2	0	0	3	8	2390	0	2006	0	98038	47.3527	-121.999	2390	4521
349950	3	2.5	2390	6441	2	0	0	3	7	2390	0	2002	0	98038	47.3659	-122.029	2180	7346
295000	3	1.75	1520	6559	1	0	0	4	7	1170	350	1992	0	98038	47.35	-122.037	1520	6095
503000	3	2	2590	108900	2	0	0	3	8	1980	610	1988	0	98038	47.4088	-122.055	3170	108900
560000	3	2.5	3440	103672	2	0	0	3	9	3440	0	1990	0	98038	47.3895	-121.986	2710	112820
334950	4	2.5	2230	5500	2	0	0	3	7	2230	0	1999	0	98038	47.3533	-122.023	1910	5500
355900	3	2.5	2090	3821	2	0	0	3	7	2090	0	2008	0	98038	47.3655	-122.017	2040	4200
355000	4	2.5	2150	3600	2	0	0	3	7	2150	0	2010	0	98038	47.3658	-122.019	2220	3915
465000	4	2.5	2590	16437	2	0	0	3	8	2590	0	1986	0	98038	47.3714	-122.059	2320	15625
276900	3	2.5	1620	7320	2	0	0	3	7	1620	0	1989	0	98038	47.3617	-122.054	1550	7686
525000	5	3.25	3960	321908	2	0	0	4	9	2690	1270	1989	0	98038	47.3984	-122.055	2360	96703
359950	4	3.25	2290	4785	2	0	0	3	9	2290	0	2007	0	98038	47.3833	-122.037	2290	4785
392000	4	2.75	1940	6555	2	0	0	3	8	1940	0	1990	0	98038	47.3701	-122.041	1840	6912
435000	3	2.5	2530	16102	2	0	0	3	9	2530	0	1989	0	98038	47.371	-122.055	2370	14957
280000	3	2.5	1600	7936	2	0	0	3	7	1600	0	1996	0	98038	47.3673	-122.017	1830	7936
379950	4	2.5	2680	4500	2	0	0	3	8	2680	0	2011	0	98038	47.3561	-122.056	2010	4500
350000	4	2.5	2610	5866	2	0	0	3	8	2610	0	2005	0	98038	47.3441	-122.04	2480	5188
279950	3	2.25	1340	7202	2	0	0	4	7	1340	0	1989	0	98038	47.3563	-122.039	1470	7395
390000	3	1.75	1870	40250	1	0	0	5	7	1870	0	1959	0	98038	47.4038	-122.036	1870	40250
385000	4	2.5	2960	5054	2	0	0	3	9	2960	0	2006	0	98038	47.3601	-122.035	2960	5000
450000	3	2.5	2450	19744	2	0	0	3	10	2450	0	1990	0	98038	47.3746	-122.026	2650	19597
700000	3	2.5	2530	623779	1	0	0	4	8	2530	0	1980	0	98038	47.4188	-121.949	2120	100623
254000	3	2	1480	7480	1	0	0	4	7	1480	0	1992	0	98038	47.3542	-122.055	1680	7146
387990	4	2.5	2640	5595	2	0	0	3	8	2640	0	2011	0	98038	47.3551	-122.054	1840	5011
300000	3	2.5	1880	4200	2	0	0	3	7	1880	0	2007	0	98038	47.366	-122.017	2090	4200
454450	4	3	2810	6000	2	0	0	3	9	2810	0	2007	0	98038	47.3689	-122.057	2790	6000
321000	4	2.5	1830	9601	2	0	0	3	7	1830	0	2003	0	98038	47.3541	-122.015	1830	5892
288000	3	2.5	1520	3593	2	0	0	3	7	1520	0	2004	0	98038	47.3842	-122.042	1610	3612
175000	2	1	830	2699	1	0	0	3	7	830	0	1996	0	98038	47.3839	-122.038	1030	3574
424950	4	2.5	2480	8563	2	0	0	3	8	2480	0	1992	0	98038	47.381	-122.033	2460	8660
399950	4	2.5	2350	5100	2	0	0	3	8	2350	0	2003	0	98038	47.3507	-122.007	2190	5100
765000	4	2.5	4040	25752	2	0	0	3	10	4040	0	2000	0	98038	47.4579	-122.068	3230	22247
470000	3	2	1730	38884	1	0	0	3	8	1730	0	1997	0	98038	47.4164	-121.951	2130	91040
314500	3	1.75	1700	17355	1	0	0	3	7	1200	500	1978	0	98038	47.3637	-122.057	1900	9528
500000	4	2.75	3000	213008	1	0	0	4	8	3000	0	1975	0	98038	47.4032	-121.982	2300	74191
293000	4	2.25	1870	5371	2	0	0	3	7	1870	0	2009	0	98038	47.3844	-122.036	2380	4502
249900	2	2	1470	2541	2	0	0	3	6	1470	0	2005	0	98038	47.3502	-122.02	1310	2721
355500	3	2.5	2600	5540	2	0	0	3	8	2600	0	2004	0	98038	47.3446	-122.041	2600	5540
448000	4	2.5	2510	6853	2	0	2	3	9	2510	0	2006	0	98038	47.3547	-122.003	3400	6965
589950	4	2.5	3190	8195	2	0	0	3	10	3190	0	2006	0	98038	47.3555	-122.003	3400	7607
264500	3	2.25	1370	7087	2	0	0	3	7	1370	0	1993	0	98038	47.3504	-122.035	1400	6600
314000	4	2.5	2340	8990	2	0	0	3	8	2340	0	2003	0	98038	47.3781	-122.03	2980	6718
110000	3	1	1250	53143	1	0	0	5	6	1250	0	1945	0	98038	47.4235	-122.051	1820	217800
499950	5	2.5	3180	23809	1	0	0	3	9	3180	0	1978	0	98038	47.3727	-122.054	2500	15778
254950	4	2	2180	8800	1	0	0	5	7	1170	1010	1977	0	98038	47.3676	-122.046	1630	8800
376000	4	2.75	2420	5773	2	0	0	3	8	2420	0	2005	0	98038	47.3772	-122.029	2420	6200
390000	3	3	2480	14141	1	0	0	3	8	1500	980	1994	0	98038	47.3778	-122.033	2480	10667
310000	3	2.5	1890	6300	2	0	0	3	7	1890	0	2003	0	98038	47.3673	-122.031	2100	6525
485000	3	2.5	1540	7120	1	0	0	3	7	770	770	1938	2013	98038	47.3729	-122.037	1000	6638
545000	4	1.75	2040	53578	1	0	0	5	7	1160	880	1959	0	98038	47.3844	-122	2040	53578
316000	3	2.25	1900	7479	2	0	0	4	7	1900	0	1992	0	98038	47.3495	-122.037	1520	6559
312900	4	2.5	1630	4473	2	0	0	3	7	1630	0	2003	0	98038	47.3546	-122.015	1830	5082
375000	1	1	800	533610	1.5	0	0	5	5	800	0	1950	0	98038	47.4134	-121.986	1790	216057
329900	3	2.5	2170	4905	2	0	0	3	8	2170	0	2004	0	98038	47.3503	-122.039	2300	4935
440000	4	2.5	2800	28254	2	0	0	3	9	2800	0	2001	0	98038	47.3552	-122.063	2530	4694
266500	3	2.25	1740	5460	1	0	0	3	7	1210	530	1998	0	98038	47.3648	-122.046	1740	7500
295000	3	2.5	1690	8564	2	0	0	4	7	1690	0	1992	0	98038	47.3518	-122.057	1690	7532
275250	3	2.25	1520	7199	2	0	0	4	7	1520	0	1992	0	98038	47.3492	-122.034	1410	6751
250000	4	2.5	2040	5770	2	0	0	3	7	2040	0	1994	0	98038	47.3522	-122.059	1570	6753
225000	3	2.5	2000	9202	2	0	0	4	7	2000	0	1992	0	98038	47.3516	-122.057	1750	7827
272450	3	2.25	1780	7332	2	0	0	3	7	1780	0	1987	0	98038	47.3593	-122.051	1510	7625
555000	4	2.5	2920	24074	2	0	0	3	9	2920	0	1997	0	98038	47.381	-122.056	2760	26023
390000	4	2.5	2560	43560	2	0	0	3	8	2560	0	1989	0	98038	47.3692	-122.047	2130	10150
550000	4	3	4180	35169	2	0	0	3	11	4180	0	1986	1998	98038	47.4	-122.027	3010	35190
326995	3	2.5	1860	5321	2	0	0	3	7	1860	0	2000	0	98038	47.3848	-122.033	1940	5205
409950	4	3	2430	7163	2	0	0	3	8	2430	0	2003	0	98038	47.3558	-122.013	2430	6028
295000	3	1.75	1060	8100	2	0	0	4	7	1060	0	1983	0	98038	47.3617	-122.047	1410	8100
608000	3	2	2400	217800	2	0	0	3	8	1590	810	1975	0	98038	47.4166	-121.94	2340	207781
305000	3	2.25	1370	6600	2	0	0	4	7	1370	0	1993	0	98038	47.3504	-122.035	1370	6600
276500	4	2.25	2380	128937	1	0	0	4	7	2380	0	1960	0	98038	47.4253	-122.043	1030	114998
246500	3	2.5	1620	7686	2	0	0	3	7	1620	0	1989	0	98038	47.3613	-122.053	1370	7686
343000	4	2.5	2070	4500	2	0	0	3	7	2070	0	2004	0	98038	47.3497	-122.026	2760	5173
261000	3	1.75	1350	7686	1	0	0	3	7	1350	0	1987	0	98038	47.3617	-122.052	1370	7686
275000	3	2.5	2030	6326	2	0	0	3	7	2030	0	1993	0	98038	47.3491	-122.029	1810	6825
375000	4	2.5	2040	109336	1.5	0	0	4	8	2040	0	1973	0	98038	47.4193	-121.958	2370	133729
309000	3	2.5	1990	3614	2	0	0	3	7	1990	0	2005	0	98038	47.36	-122.039	1980	3800
410000	5	2.75	2910	5802	2	0	0	3	7	2910	0	2006	0	98038	47.3591	-122.036	2910	5000
465000	4	2.5	3060	6000	2	0	0	3	9	3060	0	2012	0	98038	47.3689	-122.058	3040	6000
250000	2	1.75	1350	4023	1	0	0	3	7	1350	0	2005	0	98038	47.3493	-122.023	1370	3570
920000	3	3.25	3660	66211	2	0	0	3	10	3660	0	2003	0	98038	47.4087	-122.062	3660	107153
237500	3	2	1350	8960	1	0	0	4	7	1350	0	1986	0	98038	47.3614	-122.045	1470	8288
540000	3	2.5	3100	100188	1	0	0	4	7	1820	1280	1981	0	98038	47.3928	-122.066	2430	104979
315000	3	2.5	1730	6368	2	0	0	3	7	1730	0	1993	0	98038	47.3505	-122.032	1780	6597
570000	4	2.5	3420	115434	2	0	0	3	9	3420	0	1989	0	98038	47.3932	-121.988	3250	111513
610000	3	2.5	2080	167270	1	0	0	3	7	2080	0	2000	0	98038	47.4032	-121.963	2080	55321
250000	3	2	1470	2781	2	0	0	3	6	1470	0	2003	0	98038	47.349	-122.024	1360	3008
315000	5	2.5	2090	4698	2	0	0	3	7	2090	0	1998	0	98038	47.3538	-122.025	2070	4698
375000	3	2.5	1830	13042	2	0	0	3	8	1830	0	1990	0	98038	47.3738	-122.042	1940	6996
260000	3	1.75	1360	15210	1	0	0	3	7	1360	0	1987	0	98038	47.3657	-122.047	1610	7800
365000	4	2.5	1620	219542	2	0	0	3	7	1620	0	1980	0	98038	47.4014	-122.069	2240	217800
539950	4	2.5	2960	37430	2	0	0	3	9	2960	0	1990	0	98038	47.3988	-122.023	2800	36384
296475	3	2.5	1520	4170	2	0	0	3	7	1520	0	2004	0	98038	47.3842	-122.04	1560	4237
190000	4	1.75	1900	9861	1	0	0	4	7	1900	0	1967	0	98038	47.3615	-122.057	1720	7967
349900	5	2.5	2530	4229	2	0	0	3	7	2530	0	2004	0	98038	47.3531	-122.021	2070	4879
540000	5	3	3610	9775	2	0	0	3	8	3610	0	2003	0	98038	47.3545	-122.011	2800	8582
363990	4	2.5	2240	3712	2	0	0	3	8	2240	0	2014	0	98038	47.3551	-122.061	2530	4315
419950	3	2.5	3120	6000	2	0	0	3	9	3120	0	2007	0	98038	47.3473	-122.03	2670	6000
340000	4	2.5	2320	4142	2	0	0	3	7	2320	0	2010	0	98038	47.3662	-122.019	2150	4140
359950	4	3.5	2690	5564	2	0	0	3	7	2690	0	2007	0	98038	47.3537	-122.018	2210	4046
220000	2	1.5	1030	2850	2	0	0	3	7	1030	0	1995	0	98038	47.3845	-122.039	1030	3000
328000	4	2.5	1850	5388	2	0	0	3	8	1850	0	2009	0	98038	47.3494	-122.041	2140	5086
408000	3	2.75	2670	4800	2	0	0	3	8	2670	0	2014	0	98038	47.3483	-122.042	2340	5000
387865	3	2.5	2370	4200	2	0	0	3	8	2370	0	2014	0	98038	47.3696	-122.018	2370	4200
326989	3	2.5	2060	4200	2	0	0	3	8	2060	0	2014	0	98038	47.3706	-122.017	2370	4200
419354	5	2.75	2710	4500	2	0	0	3	8	2710	0	2014	0	98038	47.3547	-122.062	2710	4626
435000	4	2.5	3100	4699	2	0	0	3	9	3100	0	2010	0	98038	47.3785	-122.023	2450	5130
472000	3	2.5	1860	415126	2	0	0	3	7	1860	0	2006	0	98038	47.3974	-122.005	2070	54014
450000	5	2.75	2710	6220	2	0	0	3	8	2710	0	2014	0	98038	47.3555	-122.061	2530	4759
572115	4	3.25	3230	4838	2	0	0	3	9	3230	0	2014	0	98038	47.3559	-122.023	2980	5094
355000	4	2.75	3000	5470	2	0	0	3	8	3000	0	2005	0	98038	47.3613	-122.038	2420	4891
417838	4	2.5	2530	5048	2	0	0	3	8	2530	0	2014	0	98038	47.3559	-122.063	2530	4359
379000	4	2.5	2260	5824	2	0	0	3	8	2260	0	2011	0	98038	47.3496	-122.042	2240	5561
383000	4	2.5	2050	4953	2	0	0	3	9	2050	0	2014	0	98038	47.3448	-122.024	2340	6175
430760	5	2.75	2710	4685	2	0	0	3	8	2710	0	2014	0	98038	47.3555	-122.062	2710	4449
349990	4	2.5	2220	3561	2	0	0	3	8	2220	0	2014	0	98038	47.3561	-122.063	2530	4449
380000	4	2.5	2420	4981	2	0	0	3	9	2420	0	2009	0	98038	47.3785	-122.023	2420	5000
345000	4	2.5	2020	3600	2	0	0	3	7	2020	0	2012	0	98038	47.3535	-122.017	2210	3800
382495	3	2.5	1760	5390	1	0	0	3	8	1760	0	2014	0	98038	47.3482	-122.042	2310	5117
324747	3	2.5	2060	4742	2	0	0	3	8	2060	0	2014	0	98038	47.3706	-122.017	2370	4725
310000	3	2.5	1760	10137	2	0	0	3	8	1760	0	2010	0	98038	47.355	-122.059	2000	6935
362865	4	2.5	2245	4301	2	0	0	3	8	2245	0	2014	0	98038	47.3555	-122.063	2530	4478
349950	3	2	1640	4714	1	0	0	3	8	1640	0	2009	0	98038	47.3539	-122.021	1770	4802
342000	3	2.5	1960	3540	2	0	0	3	8	1960	0	2012	0	98038	47.3568	-122.055	1840	3825
367899	3	2.5	2420	4725	2	0	0	3	8	2420	0	2014	0	98038	47.371	-122.018	2370	4200
342000	3	2	1640	4802	1	0	0	3	8	1640	0	2010	0	98038	47.3538	-122.021	1940	4802
274000	3	1.5	1450	4694	2	0	0	3	7	1450	0	2011	0	98038	47.3654	-122.021	1870	4198
339989	3	2.5	2060	4200	2	0	0	3	8	2060	0	2014	0	98038	47.3706	-122.018	2370	4200
416000	4	2.5	2890	6322	2	0	0	3	8	2890	0	2011	0	98038	47.3494	-122.044	2380	5738
399000	4	2.5	2480	4334	2	0	0	3	8	2480	0	2012	0	98038	47.3826	-122.036	2480	5632
250000	3	2	1590	8100	1	0	0	3	7	1060	530	1996	0	98038	47.3611	-122.047	1590	8100
430000	3	2.5	2075	39553	1	0	0	3	7	2075	0	2012	0	98038	47.3601	-122.032	1960	9047
344000	4	2.5	2400	4848	2	0	0	3	8	2400	0	2004	0	98038	47.3626	-122.04	1980	5199
320000	4	2.5	1970	4558	2	0	0	3	8	1970	0	2005	0	98038	47.3627	-122.04	1980	5123
384950	4	2.5	2380	4913	2	0	0	3	8	2380	0	2006	0	98038	47.3607	-122.038	2580	5311
398096	3	2.5	2370	5321	2	0	0	3	8	2370	0	2014	0	98038	47.37	-122.019	2370	4357
275000	3	2.25	1450	4040	2	0	0	3	7	1450	0	2010	0	98038	47.3665	-122.022	1610	4040
513000	3	2.5	2150	161607	2	0	0	3	7	1330	820	1995	0	98038	47.4178	-121.937	2400	207781
380000	4	2.5	2110	5306	2	0	0	3	8	2110	0	2012	0	98038	47.356	-122.057	2250	5306
358000	5	2.5	2460	5604	2	0	0	3	8	2460	0	2011	0	98038	47.3658	-122.037	2210	6395
419900	5	3.5	2880	5000	2	0	0	3	8	2260	620	2012	0	98038	47.3455	-122.023	2590	4800
383000	4	2.5	2160	6223	2	0	0	3	8	2160	0	2010	0	98038	47.3494	-122.042	2160	5555
351999	3	2.5	2370	4200	2	0	0	3	8	2370	0	2014	0	98038	47.3706	-122.017	2370	4200
312000	3	2.5	1780	4077	2	0	0	3	8	1780	0	2011	0	98038	47.3568	-122.056	1970	4077
369946	3	2.5	2420	4725	2	0	0	3	8	2420	0	2014	0	98038	47.371	-122.018	2370	4200
274500	3	2.25	1450	4050	2	0	0	3	7	1450	0	2010	0	98038	47.367	-122.019	1660	3800
375000	4	2.5	2250	5306	2	0	0	3	8	2250	0	2012	0	98038	47.356	-122.057	2250	5306
405000	5	2.75	2400	4900	2	0	0	3	8	2400	0	2011	0	98038	47.355	-122.057	2110	5696
379950	4	2.5	2580	4818	2	0	0	3	8	2580	0	2005	0	98038	47.3607	-122.038	2570	5386
193000	2	1.75	910	2550	1	0	0	3	6	910	0	2004	0	98038	47.3494	-122.022	1310	2550
388598	3	2.5	2370	4200	2	0	0	3	8	2370	0	2014	0	98038	47.3699	-122.019	2370	4370
284000	3	2.5	1660	4083	2	0	0	3	7	1660	0	2013	0	98038	47.3595	-122.045	1800	4087
294900	3	2.5	1860	5025	2	0	0	3	8	1860	0	2010	0	98038	47.3557	-122.059	2000	5550
395000	4	3	2750	7965	2	0	0	3	9	2750	0	2012	0	98038	47.3479	-122.028	2750	6000
518380	4	2.5	2810	4500	2	0	0	3	9	2810	0	2014	0	98038	47.3552	-122.023	2980	5046
288000	4	2.25	1610	3560	2	0	0	3	7	1610	0	2010	0	98038	47.3669	-122.02	1760	3692
389517	4	2.5	2640	4725	2	0	0	3	8	2640	0	2014	0	98038	47.371	-122.017	2370	4725
374950	4	2.5	2090	3777	2	0	0	3	8	2090	0	2012	0	98038	47.3595	-122.042	2160	3993
295000	3	2.5	1660	4898	2	0	0	3	7	1660	0	2011	0	98038	47.3588	-122.044	1810	4462
431000	4	2.5	3040	6000	2	0	0	3	9	3040	0	2007	0	98038	47.3473	-122.03	2640	6000
307635	3	2.5	1820	4200	2	0	0	3	8	1820	0	2014	0	98038	47.3693	-122.017	2370	4200
398500	4	2.5	2820	6666	2	0	0	3	9	2820	0	2007	0	98038	47.3473	-122.031	1880	7200
298000	3	2.5	1950	3600	2	0	0	3	7	1950	0	2010	0	98038	47.3658	-122.021	1870	4184
405000	5	2.5	3370	5092	2	0	0	3	7	3370	0	2006	0	98038	47.3594	-122.036	2910	5092
312000	3	2.5	1750	4076	2	0	0	3	7	1750	0	2013	0	98038	47.3597	-122.045	1810	4090
305000	4	2.5	2280	3800	2	0	0	3	7	2280	0	2006	0	98038	47.3586	-122.036	2630	4045
559630	4	2.5	3370	4934	2	0	0	3	9	3370	0	2014	0	98038	47.3562	-122.022	2980	5046
345000	4	2.5	2280	5000	2	0	0	3	7	2280	0	2006	0	98038	47.3593	-122.037	2910	5000
389990	4	2.5	2245	4330	2	0	0	3	8	2245	0	2014	0	98038	47.3557	-122.063	2530	4478
531155	4	2.75	2810	5046	2	0	0	3	9	2810	0	2014	0	98038	47.3559	-122.022	3060	4934
337000	4	2.5	2470	5100	2	0	0	3	8	2470	0	2005	0	98038	47.3622	-122.041	2240	5123
347500	3	2.5	2540	4760	2	0	0	3	8	2540	0	2010	0	98038	47.3452	-122.022	2540	4571
